   1.1    1.1    1.1    1.1    1.1    1.1    1.1    1.1    1.1    1.1    1.1    1.1    1.1    1.1    1.1    1.1    1.1    1.1    1.1    1.1    1.1    1.1    1.1    1.1    1.1    1.1    1.1    1.1    1.1    1.1    1.1    1.1    1.1    1.1    1.1    1.1    1.1    1.1    1.1    1.1    1.1    1.1    1.1    1.1    1.1    1.1    1.1    1.1    1.1    1.1    1.1    1.1    1.1    1.1    1.1    1.1    1.1    1.1    1.1    1.1    1.1    1.1    1.1    1.1    1.1    1.1    1.1    1.1    1.1    1.1    1.1    1.1    1.1    1.1    1.1    1.1    1.1    1.1    1.1    1.1    1.1 
   1.1    1.1    1.1    1.1    1.1    1.1    1.1    1.1    1.1    1.1    1.1    1.1    1.1    1.1    1.1    1.1    1.1    1.1    1.1    1.1    1.1    1.1    1.1    1.1    1.1    1.1    1.1    1.1    1.1    1.1    1.1    1.1    1.1    1.1    1.1    1.1    1.1    1.1    1.1    1.1    1.1    1.1    1.1    1.1    1.1    1.1    1.1    1.1    1.1    1.1    1.1    1.1    1.1    1.1    1.1    1.1    1.1    1.1    1.1    1.1    1.1    1.1    1.1    1.1    1.1    1.1    1.1    1.1    1.1    1.1    1.1    1.1    1.1    1.1    1.1    1.1    1.1    1.1    1.1    1.1    1.1 
   1.1    1.1    1.1    1.1    1.1    1.1    1.1    1.1    1.1    1.1    1.1    1.1    1.1    1.1    1.1    1.1    1.1    1.1    1.1    1.1    1.1    1.1    1.1    1.1    1.1    1.1    1.1    1.1    1.1    1.1    1.1    1.1    1.1    1.1    1.1    1.1    1.1    1.1    1.1    1.1    1.1    1.1    1.1    1.1    1.1    1.1    1.1    1.1    1.1    1.1    1.1    1.1    1.1    1.1    1.1    1.1    1.1    1.1    1.1    1.1    1.1    1.1    1.1    1.1    1.1    1.1    1.1    1.1    1.1    1.1    1.1    1.1    1.1    1.1    1.1    1.1    1.1    1.1    1.1    1.1    1.1 
   1.1    1.1    1.1    1.1    1.1    1.1    1.1    1.1    1.1    1.1    1.1    1.1    1.1    1.1    1.1    1.1    1.1    1.1    1.1    1.1    1.1    1.1    1.1    1.1    1.1    1.1    1.1    1.1    1.1    1.1    1.1    1.1    1.1    1.1    1.1    1.1    1.1    1.1    1.1    1.1    1.1    1.1    1.1    1.1    1.1    1.1    1.1    1.1    1.1    1.1    1.1    1.1    1.1    1.1    1.1    1.1    1.1    1.1    1.1    1.1    1.1    1.1    1.1    1.1    1.1    1.1    1.1    1.1    1.1    1.1    1.1    1.1    1.1    1.1    1.1    1.1    1.1    1.1    1.1    1.1    1.1 
   1.1    1.1    1.1    1.1    1.1    1.1    1.1    1.1    1.1    1.1    1.1    1.1    1.1    1.1    1.1    1.1    1.1    1.1    1.1    1.1    1.1    1.1    1.1    1.1    1.1    1.1    1.1    1.1    1.1    1.1    1.1    1.1    1.1    1.1    1.1    1.1    1.1    1.1    1.1    1.1    1.1    1.1    1.1    1.1    1.1    1.1    1.1    1.1    1.1    1.1    1.1    1.1    1.1    1.1    1.1    1.1    1.1    1.1    1.1    1.1    1.1    1.1    1.1    1.1    1.1    1.1    1.1    1.1    1.1    1.1    1.1    1.1    1.1    1.1    1.1    1.1    1.1    1.1    1.1    1.1    1.1 
   1.1    1.1    1.1    1.1    1.1    1.1    1.1    1.1    1.1    1.1    1.1    1.1    1.1    1.1    1.1    1.1    1.1    1.1    1.1    1.1    1.1    1.1    1.1    1.1    1.1    1.1    1.1    1.1    1.1    1.1    1.1    1.1    1.1    1.1    1.1    1.1    1.1    1.1    1.1    1.1    1.1    1.1    1.1    1.1    1.1    1.1    1.1    1.1    1.1    1.1    1.1    1.1    1.1    1.1    1.1    1.1    1.1    1.1    1.1    1.1    1.1    1.1    1.1    1.1    1.1    1.1    1.1    1.1    1.1    1.1    1.1    1.1    1.1    1.1    1.1    1.1    1.1    1.1    1.1    1.1    1.1 
   1.1    1.1    1.1    1.1    1.1    1.1    1.1    1.1    1.1    1.1    1.1    1.1    1.1    1.1    1.1    1.1    1.1    1.1    1.1    1.1    1.1    1.1    1.1    1.1    1.1    1.1    1.1    1.1    1.1    1.1    1.1    1.1    1.1    1.1    1.1    1.1    1.1    1.1    1.1    1.1    1.1    1.1    1.1    1.1    1.1    1.1    1.1    1.1    1.1    1.1    1.1    1.1    1.1    1.1    1.1    1.1    1.1    1.1    1.1    1.1    1.1    1.1    1.1    1.1    1.1    1.1    1.1    1.1    1.1    1.1    1.1    1.1    1.1    1.1    1.1    1.1    1.1    1.1    1.1    1.1    1.1 
   1.1    1.1    1.1    1.1    1.1    1.1    1.1    1.1    1.1    1.1    1.1    1.1    1.1    1.1    1.1    1.1    1.1    1.1    1.1    1.1    1.1    1.1    1.1    1.1    1.1    1.1    1.1    1.1    1.1    1.1    1.1    1.1    1.1    1.1    1.1    1.1    1.1    1.1    1.1    1.1    1.1    1.1    1.1    1.1    1.1    1.1    1.1    1.1    1.1    1.1    1.1    1.1    1.1    1.1    1.1    1.1    1.1    1.1    1.1    1.1    1.1    1.1    1.1    1.1    1.1    1.1    1.1    1.1    1.1    1.1    1.1    1.1    1.1    1.1    1.1    1.1    1.1    1.1    1.1    1.1    1.1 
   1.1    1.1    1.1    1.1    1.1    1.1    1.1    1.1    1.1    1.1    1.1    1.1    1.1    1.1    1.1    1.1    1.1    1.1    1.1    1.1    1.1    1.1    1.1    1.1    1.1    1.1    1.1    1.1    1.1    1.1    1.1    1.1    1.1    1.1    1.1    1.1    1.1    1.1    1.1    1.1    1.1    1.1    1.1    1.1    1.1    1.1    1.1    1.1    1.1    1.1    1.1    1.1    1.1    1.1    1.1    1.1    1.1    1.1    1.1    1.1    1.1    1.1    1.1    1.1    1.1    1.1    1.1    1.1    1.1    1.1    1.1    1.1    1.1    1.1    1.1    1.1    1.1    1.1    1.1    1.1    1.1 
   1.1    1.1    1.1    1.1    1.1    1.1    1.1    1.1    1.1    1.1    1.1    1.1    1.1    1.1    1.1    1.1    1.1    1.1    1.1    1.1    1.1    1.1    1.1    1.1    1.1    1.1    1.1    1.1    1.1    1.1    1.1    1.1    1.1    1.1    1.1    1.1    1.1    1.1    1.1    1.1    1.1    1.1    1.1    1.1    1.1    1.1    1.1    1.1    1.1    1.1    1.1    1.1    1.1    1.1    1.1    1.1    1.1    1.1    1.1    1.1    1.1    1.1    1.1    1.1    1.1    1.1    1.1    1.1    1.1    1.1    1.1    1.1    1.1    1.1    1.1    1.1    1.1    1.1    1.1    1.1    1.1 
   1.1    1.1    1.1    1.1    1.1    1.1    1.1    1.1    1.1    1.1    1.1    1.1    1.1    1.1    1.1    1.1    1.1    1.1    1.1    1.1    1.1    1.1    1.1    1.1    1.1    1.1    1.1    1.1    1.1    1.1    1.1    1.1    1.1    1.1    1.1    1.1    1.1    1.1    1.1    1.1    1.1    1.1    1.1    1.1    1.1    1.1    1.1    1.1    1.1    1.1    1.1    1.1    1.1    1.1    1.1    1.1    1.1    1.1    1.1    1.1    1.1    1.1    1.1    1.1    1.1    1.1    1.1    1.1    1.1    1.1    1.1    1.1    1.1    1.1    1.1    1.1    1.1    1.1    1.1    1.1    1.1 
   1.1    1.1    1.1    1.1    1.1    1.1    1.1    1.1    1.1    1.1    1.1    1.1    1.1    1.1    1.1    1.1    1.1    1.1    1.1    1.1    1.1    1.1    1.1    1.1    1.1    1.1    1.1    1.1    1.1    1.1    1.1    1.1    1.1    1.1    1.1    1.1    1.1    1.1    1.1    1.1    1.1    1.1    1.1    1.1    1.1    1.1    1.1    1.1    1.1    1.1    1.1    1.1    1.1    1.1    1.1    1.1    1.1    1.1    1.1    1.1    1.1    1.1    1.1    1.1    1.1    1.1    1.1    1.1    1.1    1.1    1.1    1.1    1.1    1.1    1.1    1.1    1.1    1.1    1.1    1.1    1.1 
   1.1    1.1    1.1    1.1    1.1    1.1    1.1    1.1    1.1    1.1    1.1    1.1    1.1    1.1    1.1    1.1    1.1    1.1    1.1    1.1    1.1    1.1    1.1    1.1    1.1    1.1    1.1    1.1    1.1    1.1    1.1    1.1    1.1    1.1    1.1    1.1    1.1    1.1    1.1    1.1    1.1    1.1    1.1    1.1    1.1    1.1    1.1    1.1    1.1    1.1    1.1    1.1    1.1    1.1    1.1    1.1    1.1    1.1    1.1    1.1    1.1    1.1    1.1    1.1    1.1    1.1    1.1    1.1    1.1    1.1    1.1    1.1    1.1    1.1    1.1    1.1    1.1    1.1    1.1    1.1    1.1 
   1.1    1.1    1.1    1.1    1.1    1.1    1.1    1.1    1.1    1.1    1.1    1.1    1.1    1.1    1.1    1.1    1.1    1.1    1.1    1.1    1.1    1.1    1.1    1.1    1.1    1.1    1.1    1.1    1.1    1.1    1.1    1.1    1.1    1.1    1.1    1.1    1.1    1.1    1.1    1.1    1.1    1.1    1.1    1.1    1.1    1.1    1.1    1.1    1.1    1.1    1.1    1.1    1.1    1.1    1.1    1.1    1.1    1.1    1.1    1.1    1.1    1.1    1.1    1.1    1.1    1.1    1.1    1.1    1.1    1.1    1.1    1.1    1.1    1.1    1.1    1.1    1.1    1.1    1.1    1.1    1.1 
   1.1    1.1    1.1    1.1    1.1    1.1    1.1    1.1    1.1    1.1    1.1    1.1    1.1    1.1    1.1    1.1    1.1    1.1    1.1    1.1    1.1    1.1    1.1    1.1    1.1    1.1    1.1    1.1    1.1    1.1    1.1    1.1    1.1    1.1    1.1    1.1    1.1    1.1    1.1    1.1    1.1    1.1    1.1    1.1    1.1    1.1    1.1    1.1    1.1    1.1    1.1    1.1    1.1    1.1    1.1    1.1    1.1    1.1    1.1    1.1    1.1    1.1    1.1    1.1    1.1    1.1    1.1    1.1    1.1    1.1    1.1    1.1    1.1    1.1    1.1    1.1    1.1    1.1    1.1    1.1    1.1 
   1.1    1.1    1.1    1.1    1.1    1.1    1.1    1.1    1.1    1.1    1.1    1.1    1.1    1.1    1.1    1.1    1.1    1.1    1.1    1.1    1.1    1.1    1.1    1.1    1.1    1.1    1.1    1.1    1.1    1.1    1.1    1.1    1.1    1.1    1.1    1.1    1.1    1.1    1.1    1.1    1.1    1.1    1.1    1.1    1.1    1.1    1.1    1.1    1.1    1.1    1.1    1.1    1.1    1.1    1.1    1.1    1.1    1.1    1.1    1.1    1.1    1.1    1.1    1.1    1.1    1.1    1.1    1.1    1.1    1.1    1.1    1.1    1.1    1.1    1.1    1.1    1.1    1.1    1.1    1.1    1.1 
   1.1    1.1    1.1    1.1    1.1    1.1    1.1    1.1    1.1    1.1    1.1    1.1    1.1    1.1    1.1    1.1    1.1    1.1    1.1    1.1    1.1    1.1    1.1    1.1    1.1    1.1    1.1    1.1    1.1    1.1    1.1    1.1    1.1    1.1    1.1    1.1    1.1    1.1    1.1    1.1    1.1    1.1    1.1    1.1    1.1    1.1    1.1    1.1    1.1    1.1    1.1    1.1    1.1    1.1    1.1    1.1    1.1    1.1    1.1    1.1    1.1    1.1    1.1    1.1    1.1    1.1    1.1    1.1    1.1    1.1    1.1    1.1    1.1    1.1    1.1    1.1    1.1    1.1    1.1    1.1    1.1 
   1.1    1.1    1.1    1.1    1.1    1.1    1.1    1.1    1.1    1.1    1.1    1.1    1.1    1.1    1.1    1.1    1.1    1.1    1.1    1.1    1.1    1.1    1.1    1.1    1.1    1.1    1.1    1.1    1.1    1.1    1.1    1.1    1.1    1.1    1.1    1.1    1.1    1.1    1.1    1.1    1.1    1.1    1.1    1.1    1.1    1.1    1.1    1.1    1.1    1.1    1.1    1.1    1.1    1.1    1.1    1.1    1.1    1.1    1.1    1.1    1.1    1.1    1.1    1.1    1.1    1.1    1.1    1.1    1.1    1.1    1.1    1.1    1.1    1.1    1.1    1.1    1.1    1.1    1.1    1.1    1.1 
   1.1    1.1    1.1    1.1    1.1    1.1    1.1    1.1    1.1    1.1    1.1    1.1    1.1    1.1    1.1    1.1    1.1    1.1    1.1    1.1    1.1    1.1    1.1    1.1    1.1    1.1    1.1    1.1    1.1    1.1    1.1    1.1    1.1    1.1    1.1    1.1    1.1    1.1    1.1    1.1    1.1    1.1    1.1    1.1    1.1    1.1    1.1    1.1    1.1    1.1    1.1    1.1    1.1    1.1    1.1    1.1    1.1    1.1    1.1    1.1    1.1    1.1    1.1    1.1    1.1    1.1    1.1    1.1    1.1    1.1    1.1    1.1    1.1    1.1    1.1    1.1    1.1    1.1    1.1    1.1    1.1 
   1.1    1.1    1.1    1.1    1.1    1.1    1.1    1.1    1.1    1.1    1.1    1.1    1.1    1.1    1.1    1.1    1.1    1.1    1.1    1.1    1.1    1.1    1.1    1.1    1.1    1.1    1.1    1.1    1.1    1.1    1.1    1.1    1.1    1.1    1.1    1.1    1.1    1.1    1.1    1.1    1.1    1.1    1.1    1.1    1.1    1.1    1.1    1.1    1.1    1.1    1.1    1.1    1.1    1.1    1.1    1.1    1.1    1.1    1.1    1.1    1.1    1.1    1.1    1.1    1.1    1.1    1.1    1.1    1.1    1.1    1.1    1.1    1.1    1.1    1.1    1.1    1.1    1.1    1.1    1.1    1.1 
   1.1    1.1    1.1    1.1    1.1    1.1    1.1    1.1    1.1    1.1    1.1    1.1    1.1    1.1    1.1    1.1    1.1    1.1    1.1    1.1    1.1    1.1    1.1    1.1    1.1    1.1    1.1    1.1    1.1    1.1    1.1    1.1    1.1    1.1    1.1    1.1    1.1    1.1    1.1    1.1    1.1    1.1    1.1    1.1    1.1    1.1    1.1    1.1    1.1    1.1    1.1    1.1    1.1    1.1    1.1    1.1    1.1    1.1    1.1    1.1    1.1    1.1    1.1    1.1    1.1    1.1    1.1    1.1    1.1    1.1    1.1    1.1    1.1    1.1    1.1    1.1    1.1    1.1    1.1    1.1    1.1 
   1.1    1.1    1.1    1.1    1.1    1.1    1.1    1.1    1.1    1.1    1.1    1.1    1.1    1.1    1.1    1.1    1.1    1.1    1.1    1.1    1.1    1.1    1.1    1.1    1.1    1.1    1.1    1.1    1.1    1.1    1.1    1.1    1.1    1.1    1.1    1.1    1.1    1.1    1.1    1.1    1.1    1.1    1.1    1.1    1.1    1.1    1.1    1.1    1.1    1.1    1.1    1.1    1.1    1.1    1.1    1.1    1.1    1.1    1.1    1.1    1.1    1.1    1.1    1.1    1.1    1.1    1.1    1.1    1.1    1.1    1.1    1.1    1.1    1.1    1.1    1.1    1.1    1.1    1.1    1.1    1.1 
   1.1    1.1    1.1    1.1    1.1    1.1    1.1    1.1    1.1    1.1    1.1    1.1    1.1    1.1    1.1    1.1    1.1    1.1    1.1    1.1    1.1    1.1    1.1    1.1    1.1    1.1    1.1    1.1    1.1    1.1    1.1    1.1    1.1    1.1    1.1    1.1    1.1    1.1    1.1    1.1    1.1    1.1    1.1    1.1    1.1    1.1    1.1    1.1    1.1    1.1    1.1    1.1    1.1    1.1    1.1    1.1    1.1    1.1    1.1    1.1    1.1    1.1    1.1    1.1    1.1    1.1    1.1    1.1    1.1    1.1    1.1    1.1    1.1    1.1    1.1    1.1    1.1    1.1    1.1    1.1    1.1 
   1.1    1.1    1.1    1.1    1.1    1.1    1.1    1.1    1.1    1.1    1.1    1.1    1.1    1.1    1.1    1.1    1.1    1.1    1.1    1.1    1.1    1.1    1.1    1.1    1.1    1.1    1.1    1.1    1.1    1.1    1.1    1.1    1.1    1.1    1.1    1.1    1.1    1.1    1.1    1.1    1.1    1.1    1.1    1.1    1.1    1.1    1.1    1.1    1.1    1.1    1.1    1.1    1.1    1.1    1.1    1.1    1.1    1.1    1.1    1.1    1.1    1.1    1.1    1.1    1.1    1.1    1.1    1.1    1.1    1.1    1.1    1.1    1.1    1.1    1.1    1.1    1.1    1.1    1.1    1.1    1.1 
   1.1    1.1    1.1    1.1    1.1    1.1    1.1    1.1    1.1    1.1    1.1    1.1    1.1    1.1    1.1    1.1    1.1    1.1    1.1    1.1    1.1    1.1    1.1    1.1    1.1    1.1    1.1    1.1    1.1    1.1    1.1    1.1    1.1    1.1    1.1    1.1    1.1    1.1    1.1    1.1    1.1    1.1    1.1    1.1    1.1    1.1    1.1    1.1    1.1    1.1    1.1    1.1    1.1    1.1    1.1    1.1    1.1    1.1    1.1    1.1    1.1    1.1    1.1    1.1    1.1    1.1    1.1    1.1    1.1    1.1    1.1    1.1    1.1    1.1    1.1    1.1    1.1    1.1    1.1    1.1    1.1 
   1.1    1.1    1.1    1.1    1.1    1.1    1.1    1.1    1.1    1.1    1.1    1.1    1.1    1.1    1.1    1.1    1.1    1.1    1.1    1.1    1.1    1.1    1.1    1.1    1.1    1.1    1.1    1.1    1.1    1.1    1.1    1.1    1.1    1.1    1.1    1.1    1.1    1.1    1.1    1.1    1.1    1.1    1.1    1.1    1.1    1.1    1.1    1.1    1.1    1.1    1.1    1.1    1.1    1.1    1.1    1.1    1.1    1.1    1.1    1.1    1.1    1.1    1.1    1.1    1.1    1.1    1.1    1.1    1.1    1.1    1.1    1.1    1.1    1.1    1.1    1.1    1.1    1.1    1.1    1.1    1.1 
   1.1    1.1    1.1    1.1    1.1    1.1    1.1    1.1    1.1    1.1    1.1    1.1    1.1    1.1    1.1    1.1    1.1    1.1    1.1    1.1    1.1    1.1    1.1    1.1    1.1    1.1    1.1    1.1    1.1    1.1    1.1    1.1    1.1    1.1    1.1    1.1    1.1    1.1    1.1    1.1    1.1    1.1    1.1    1.1    1.1    1.1    1.1    1.1    1.1    1.1    1.1    1.1    1.1    1.1    1.1    1.1    1.1    1.1    1.1    1.1    1.1    1.1    1.1    1.1    1.1    1.1    1.1    1.1    1.1    1.1    1.1    1.1    1.1    1.1    1.1    1.1    1.1    1.1    1.1    1.1    1.1 
   1.1    1.1    1.1    1.1    1.1    1.1    1.1    1.1    1.1    1.1    1.1    1.1    1.1    1.1    1.1    1.1    1.1    1.1    1.1    1.1    1.1    1.1    1.1    1.1    1.1    1.1    1.1    1.1    1.1    1.1    1.1    1.1    1.1    1.1    1.1    1.1    1.1    1.1    1.1    1.1    1.1    1.1    1.1    1.1    1.1    1.1    1.1    1.1    1.1    1.1    1.1    1.1    1.1    1.1    1.1    1.1    1.1    1.1    1.1    1.1    1.1    1.1    1.1    1.1    1.1    1.1    1.1    1.1    1.1    1.1    1.1    1.1    1.1    1.1    1.1    1.1    1.1    1.1    1.1    1.1    1.1 
   1.1    1.1    1.1    1.1    1.1    1.1    1.1    1.1    1.1    1.1    1.1    1.1    1.1    1.1    1.1    1.1    1.1    1.1    1.1    1.1    1.1    1.1    1.1    1.1    1.1    1.1    1.1    1.1    1.1    1.1    1.1    1.1    1.1    1.1    1.1    1.1    1.1    1.1    1.1    1.1    1.1    1.1    1.1    1.1    1.1    1.1    1.1    1.1    1.1    1.1    1.1    1.1    1.1    1.1    1.1    1.1    1.1    1.1    1.1    1.1    1.1    1.1    1.1    1.1    1.1    1.1    1.1    1.1    1.1    1.1    1.1    1.1    1.1    1.1    1.1    1.1    1.1    1.1    1.1    1.1    1.1 
   1.1    1.1    1.1    1.1    1.1    1.1    1.1    1.1    1.1    1.1    1.1    1.1    1.1    1.1    1.1    1.1    1.1    1.1    1.1    1.1    1.1    1.1    1.1    1.1    1.1    1.1    1.1    1.1    1.1    1.1    1.1    1.1    1.1    1.1    1.1    1.1    1.1    1.1    1.1    1.1    1.1    1.1    1.1    1.1    1.1    1.1    1.1    1.1    1.1    1.1    1.1    1.1    1.1    1.1    1.1    1.1    1.1    1.1    1.1    1.1    1.1    1.1    1.1    1.1    1.1    1.1    1.1    1.1    1.1    1.1    1.1    1.1    1.1    1.1    1.1    1.1    1.1    1.1    1.1    1.1    1.1 
   1.1    1.1    1.1    1.1    1.1    1.1    1.1    1.1    1.1    1.1    1.1    1.1    1.1    1.1    1.1    1.1    1.1    1.1    1.1    1.1    1.1    1.1    1.1    1.1    1.1    1.1    1.1    1.1    1.1    1.1    1.1    1.1    1.1    1.1    1.1    1.1    1.1    1.1    1.1    1.1    1.1    1.1    1.1    1.1    1.1    1.1    1.1    1.1    1.1    1.1    1.1    1.1    1.1    1.1    1.1    1.1    1.1    1.1    1.1    1.1    1.1    1.1    1.1    1.1    1.1    1.1    1.1    1.1    1.1    1.1    1.1    1.1    1.1    1.1    1.1    1.1    1.1    1.1    1.1    1.1    1.1 
   1.1    1.1    1.1    1.1    1.1    1.1    1.1    1.1    1.1    1.1    1.1    1.1    1.1    1.1    1.1    1.1    1.1    1.1    1.1    1.1    1.1    1.1    1.1    1.1    1.1    1.1    1.1    1.1    1.1    1.1    1.1    1.1    1.1    1.1    1.1    1.1    1.1    1.1    1.1    1.1    1.1    1.1    1.1    1.1    1.1    1.1    1.1    1.1    1.1    1.1    1.1    1.1    1.1    1.1    1.1    1.1    1.1    1.1    1.1    1.1    1.1    1.1    1.1    1.1    1.1    1.1    1.1    1.1    1.1    1.1    1.1    1.1    1.1    1.1    1.1    1.1    1.1    1.1    1.1    1.1    1.1 
   1.1    1.1    1.1    1.1    1.1    1.1    1.1    1.1    1.1    1.1    1.1    1.1    1.1    1.1    1.1    1.1    1.1    1.1    1.1    1.1    1.1    1.1    1.1    1.1    1.1    1.1    1.1    1.1    1.1    1.1    1.1    1.1    1.1    1.1    1.1    1.1    1.1    1.1    1.1    1.1    1.1    1.1    1.1    1.1    1.1    1.1    1.1    1.1    1.1    1.1    1.1    1.1    1.1    1.1    1.1    1.1    1.1    1.1    1.1    1.1    1.1    1.1    1.1    1.1    1.1    1.1    1.1    1.1    1.1    1.1    1.1    1.1    1.1    1.1    1.1    1.1    1.1    1.1    1.1    1.1    1.1 
   1.1    1.1    1.1    1.1    1.1    1.1    1.1    1.1    1.1    1.1    1.1    1.1    1.1    1.1    1.1    1.1    1.1    1.1    1.1    1.1    1.1    1.1    1.1    1.1    1.1    1.1    1.1    1.1    1.1    1.1    1.1    1.1    1.1    1.1    1.1    1.1    1.1    1.1    1.1    1.1    1.1    1.1    1.1    1.1    1.1    1.1    1.1    1.1    1.1    1.1    1.1    1.1    1.1    1.1    1.1    1.1    1.1    1.1    1.1    1.1    1.1    1.1    1.1    1.1    1.1    1.1    1.1    1.1    1.1    1.1    1.1    1.1    1.1    1.1    1.1    1.1    1.1    1.1    1.1    1.1    1.1 
   1.1    1.1    1.1    1.1    1.1    1.1    1.1    1.1    1.1    1.1    1.1    1.1    1.1    1.1    1.1    1.1    1.1    1.1    1.1    1.1    1.1    1.1    1.1    1.1    1.1    1.1    1.1    1.1    1.1    1.1    1.1    1.1    1.1    1.1    1.1    1.1    1.1    1.1    1.1    1.1    1.1    1.1    1.1    1.1    1.1    1.1    1.1    1.1    1.1    1.1    1.1    1.1    1.1    1.1    1.1    1.1    1.1    1.1    1.1    1.1    1.1    1.1    1.1    1.1    1.1    1.1    1.1    1.1    1.1    1.1    1.1    1.1    1.1    1.1    1.1    1.1    1.1    1.1    1.1    1.1    1.1 
   1.1    1.1    1.1    1.1    1.1    1.1    1.1    1.1    1.1    1.1    1.1    1.1    1.1    1.1    1.1    1.1    1.1    1.1    1.1    1.1    1.1    1.1    1.1    1.1    1.1    1.1    1.1    1.1    1.1    1.1    1.1    1.1    1.1    1.1    1.1    1.1    1.1    1.1    1.1    1.1    1.1    1.1    1.1    1.1    1.1    1.1    1.1    1.1    1.1    1.1    1.1    1.1    1.1    1.1    1.1    1.1    1.1    1.1    1.1    1.1    1.1    1.1    1.1    1.1    1.1    1.1    1.1    1.1    1.1    1.1    1.1    1.1    1.1    1.1    1.1    1.1    1.1    1.1    1.1    1.1    1.1 
   1.1    1.1    1.1    1.1    1.1    1.1    1.1    1.1    1.1    1.1    1.1    1.1    1.1    1.1    1.1    1.1    1.1    1.1    1.1    1.1    1.1    1.1    1.1    1.1    1.1    1.1    1.1    1.1    1.1    1.1    1.1    1.1    1.1    1.1    1.1    1.1    1.1    1.1    1.1    1.1    1.1    1.1    1.1    1.1    1.1    1.1    1.1    1.1    1.1    1.1    1.1    1.1    1.1    1.1    1.1    1.1    1.1    1.1    1.1    1.1    1.1    1.1    1.1    1.1    1.1    1.1    1.1    1.1    1.1    1.1    1.1    1.1    1.1    1.1    1.1    1.1    1.1    1.1    1.1    1.1    1.1 
   1.1    1.1    1.1    1.1    1.1    1.1    1.1    1.1    1.1    1.1    1.1    1.1    1.1    1.1    1.1    1.1    1.1    1.1    1.1    1.1    1.1    1.1    1.1    1.1    1.1    1.1    1.1    1.1    1.1    1.1    1.1    1.1    1.1    1.1    1.1    1.1    1.1    1.1    1.1    1.1    1.1    1.1    1.1    1.1    1.1    1.1    1.1    1.1    1.1    1.1    1.1    1.1    1.1    1.1    1.1    1.1    1.1    1.1    1.1    1.1    1.1    1.1    1.1    1.1    1.1    1.1    1.1    1.1    1.1    1.1    1.1    1.1    1.1    1.1    1.1    1.1    1.1    1.1    1.1    1.1    1.1 
   1.1    1.1    1.1    1.1    1.1    1.1    1.1    1.1    1.1    1.1    1.1    1.1    1.1    1.1    1.1    1.1    1.1    1.1    1.1    1.1    1.1    1.1    1.1    1.1    1.1    1.1    1.1    1.1    1.1    1.1    1.1    1.1    1.1    1.1    1.1    1.1    1.1    1.1    1.1    1.1    1.1    1.1    1.1    1.1    1.1    1.1    1.1    1.1    1.1    1.1    1.1    1.1    1.1    1.1    1.1    1.1    1.1    1.1    1.1    1.1    1.1    1.1    1.1    1.1    1.1    1.1    1.1    1.1    1.1    1.1    1.1    1.1    1.1    1.1    1.1    1.1    1.1    1.1    1.1    1.1    1.1 
   1.1    1.1    1.1    1.1    1.1    1.1    1.1    1.1    1.1    1.1    1.1    1.1    1.1    1.1    1.1    1.1    1.1    1.1    1.1    1.1    1.1    1.1    1.1    1.1    1.1    1.1    1.1    1.1    1.1    1.1    1.1    1.1    1.1    1.1    1.1    1.1    1.1    1.1    1.1    1.1    1.1    1.1    1.1    1.1    1.1    1.1    1.1    1.1    1.1    1.1    1.1    1.1    1.1    1.1    1.1    1.1    1.1    1.1    1.1    1.1    1.1    1.1    1.1    1.1    1.1    1.1    1.1    1.1    1.1    1.1    1.1    1.1    1.1    1.1    1.1    1.1    1.1    1.1    1.1    1.1    1.1 
   1.1    1.1    1.1    1.1    1.1    1.1    1.1    1.1    1.1    1.1    1.1    1.1    1.1    1.1    1.1    1.1    1.1    1.1    1.1    1.1    1.1    1.1    1.1    1.1    1.1    1.1    1.1    1.1    1.1    1.1    1.1    1.1    1.1    1.1    1.1    1.1    1.1    1.1    1.1    1.1    1.1    1.1    1.1    1.1    1.1    1.1    1.1    1.1    1.1    1.1    1.1    1.1    1.1    1.1    1.1    1.1    1.1    1.1    1.1    1.1    1.1    1.1    1.1    1.1    1.1    1.1    1.1    1.1    1.1    1.1    1.1    1.1    1.1    1.1    1.1    1.1    1.1    1.1    1.1    1.1    1.1 
   1.1    1.1    1.1    1.1    1.1    1.1    1.1    1.1    1.1    1.1    1.1    1.1    1.1    1.1    1.1    1.1    1.1    1.1    1.1    1.1    1.1    1.1    1.1    1.1    1.1    1.1    1.1    1.1    1.1    1.1    1.1    1.1    1.1    1.1    1.1    1.1    1.1    1.1    1.1    1.1    1.1    1.1    1.1    1.1    1.1    1.1    1.1    1.1    1.1    1.1    1.1    1.1    1.1    1.1    1.1    1.1    1.1    1.1    1.1    1.1    1.1    1.1    1.1    1.1    1.1    1.1    1.1    1.1    1.1    1.1    1.1    1.1    1.1    1.1    1.1    1.1    1.1    1.1    1.1    1.1    1.1 
   1.1    1.1    1.1    1.1    1.1    1.1    1.1    1.1    1.1    1.1    1.1    1.1    1.1    1.1    1.1    1.1    1.1    1.1    1.1    1.1    1.1    1.1    1.1    1.1    1.1    1.1    1.1    1.1    1.1    1.1    1.1    1.1    1.1    1.1    1.1    1.1    1.1    1.1    1.1    1.1    1.1    1.1    1.1    1.1    1.1    1.1    1.1    1.1    1.1    1.1    1.1    1.1    1.1    1.1    1.1    1.1    1.1    1.1    1.1    1.1    1.1    1.1    1.1    1.1    1.1    1.1    1.1    1.1    1.1    1.1    1.1    1.1    1.1    1.1    1.1    1.1    1.1    1.1    1.1    1.1    1.1 
   1.1    1.1    1.1    1.1    1.1    1.1    1.1    1.1    1.1    1.1    1.1    1.1    1.1    1.1    1.1    1.1    1.1    1.1    1.1    1.1    1.1    1.1    1.1    1.1    1.1    1.1    1.1    1.1    1.1    1.1    1.1    1.1    1.1    1.1    1.1    1.1    1.1    1.1    1.1    1.1    1.1    1.1    1.1    1.1    1.1    1.1    1.1    1.1    1.1    1.1    1.1    1.1    1.1    1.1    1.1    1.1    1.1    1.1    1.1    1.1    1.1    1.1    1.1    1.1    1.1    1.1    1.1    1.1    1.1    1.1    1.1    1.1    1.1    1.1    1.1    1.1    1.1    1.1    1.1    1.1    1.1 
   1.1    1.1    1.1    1.1    1.1    1.1    1.1    1.1    1.1    1.1    1.1    1.1    1.1    1.1    1.1    1.1    1.1    1.1    1.1    1.1    1.1    1.1    1.1    1.1    1.1    1.1    1.1    1.1    1.1    1.1    1.1    1.1    1.1    1.1    1.1    1.1    1.1    1.1    1.1    1.1    1.1    1.1    1.1    1.1    1.1    1.1    1.1    1.1    1.1    1.1    1.1    1.1    1.1    1.1    1.1    1.1    1.1    1.1    1.1    1.1    1.1    1.1    1.1    1.1    1.1    1.1    1.1    1.1    1.1    1.1    1.1    1.1    1.1    1.1    1.1    1.1    1.1    1.1    1.1    1.1    1.1 
   1.1    1.1    1.1    1.1    1.1    1.1    1.1    1.1    1.1    1.1    1.1    1.1    1.1    1.1    1.1    1.1    1.1    1.1    1.1    1.1    1.1    1.1    1.1    1.1    1.1    1.1    1.1    1.1    1.1    1.1    1.1    1.1    1.1    1.1    1.1    1.1    1.1    1.1    1.1    1.1    1.1    1.1    1.1    1.1    1.1    1.1    1.1    1.1    1.1    1.1    1.1    1.1    1.1    1.1    1.1    1.1    1.1    1.1    1.1    1.1    1.1    1.1    1.1    1.1    1.1    1.1    1.1    1.1    1.1    1.1    1.1    1.1    1.1    1.1    1.1    1.1    1.1    1.1    1.1    1.1    1.1 
   1.1    1.1    1.1    1.1    1.1    1.1    1.1    1.1    1.1    1.1    1.1    1.1    1.1    1.1    1.1    1.1    1.1    1.1    1.1    1.1    1.1    1.1    1.1    1.1    1.1    1.1    1.1    1.1    1.1    1.1    1.1    1.1    1.1    1.1    1.1    1.1    1.1    1.1    1.1    1.1    1.1    1.1    1.1    1.1    1.1    1.1    1.1    1.1    1.1    1.1    1.1    1.1    1.1    1.1    1.1    1.1    1.1    1.1    1.1    1.1    1.1    1.1    1.1    1.1    1.1    1.1    1.1    1.1    1.1    1.1    1.1    1.1    1.1    1.1    1.1    1.1    1.1    1.1    1.1    1.1    1.1 
   1.1    1.1    1.1    1.1    1.1    1.1    1.1    1.1    1.1    1.1    1.1    1.1    1.1    1.1    1.1    1.1    1.1    1.1    1.1    1.1    1.1    1.1    1.1    1.1    1.1    1.1    1.1    1.1    1.1    1.1    1.1    1.1    1.1    1.1    1.1    1.1    1.1    1.1    1.1    1.1    1.1    1.1    1.1    1.1    1.1    1.1    1.1    1.1    1.1    1.1    1.1    1.1    1.1    1.1    1.1    1.1    1.1    1.1    1.1    1.1    1.1    1.1    1.1    1.1    1.1    1.1    1.1    1.1    1.1    1.1    1.1    1.1    1.1    1.1    1.1    1.1    1.1    1.1    1.1    1.1    1.1 
   1.1    1.1    1.1    1.1    1.1    1.1    1.1    1.1    1.1    1.1    1.1    1.1    1.1    1.1    1.1    1.1    1.1    1.1    1.1    1.1    1.1    1.1    1.1    1.1    1.1    1.1    1.1    1.1    1.1    1.1    1.1    1.1    1.1    1.1    1.1    1.1    1.1    1.1    1.1    1.1    1.1    1.1    1.1    1.1    1.1    1.1    1.1    1.1    1.1    1.1    1.1    1.1    1.1    1.1    1.1    1.1    1.1    1.1    1.1    1.1    1.1    1.1    1.1    1.1    1.1    1.1    1.1    1.1    1.1    1.1    1.1    1.1    1.1    1.1    1.1    1.1    1.1    1.1    1.1    1.1    1.1 
   1.1    1.1    1.1    1.1    1.1    1.1    1.1    1.1    1.1    1.1    1.1    1.1    1.1    1.1    1.1    1.1    1.1    1.1    1.1    1.1    1.1    1.1    1.1    1.1    1.1    1.1    1.1    1.1    1.1    1.1    1.1    1.1    1.1    1.1    1.1    1.1    1.1    1.1    1.1    1.1    1.1    1.1    1.1    1.1    1.1    1.1    1.1    1.1    1.1    1.1    1.1    1.1    1.1    1.1    1.1    1.1    1.1    1.1    1.1    1.1    1.1    1.1    1.1    1.1    1.1    1.1    1.1    1.1    1.1    1.1    1.1    1.1    1.1    1.1    1.1    1.1    1.1    1.1    1.1    1.1    1.1 
   1.1    1.1    1.1    1.1    1.1    1.1    1.1    1.1    1.1    1.1    1.1    1.1    1.1    1.1    1.1    1.1    1.1    1.1    1.1    1.1    1.1    1.1    1.1    1.1    1.1    1.1    1.1    1.1    1.1    1.1    1.1    1.1    1.1    1.1    1.1    1.1    1.1    1.1    1.1    1.1    1.1    1.1    1.1    1.1    1.1    1.1    1.1    1.1    1.1    1.1    1.1    1.1    1.1    1.1    1.1    1.1    1.1    1.1    1.1    1.1    1.1    1.1    1.1    1.1    1.1    1.1    1.1    1.1    1.1    1.1    1.1    1.1    1.1    1.1    1.1    1.1    1.1    1.1    1.1    1.1    1.1 
   1.1    1.1    1.1    1.1    1.1    1.1    1.1    1.1    1.1    1.1    1.1    1.1    1.1    1.1    1.1    1.1    1.1    1.1    1.1    1.1    1.1    1.1    1.1    1.1    1.1    1.1    1.1    1.1    1.1    1.1    1.1    1.1    1.1    1.1    1.1    1.1    1.1    1.1    1.1    1.1    1.1    1.1    1.1    1.1    1.1    1.1    1.1    1.1    1.1    1.1    1.1    1.1    1.1    1.1    1.1    1.1    1.1    1.1    1.1    1.1    1.1    1.1    1.1    1.1    1.1    1.1    1.1    1.1    1.1    1.1    1.1    1.1    1.1    1.1    1.1    1.1    1.1    1.1    1.1    1.1    1.1 
   1.1    1.1    1.1    1.1    1.1    1.1    1.1    1.1    1.1    1.1    1.1    1.1    1.1    1.1    1.1    1.1    1.1    1.1    1.1    1.1    1.1    1.1    1.1    1.1    1.1    1.1    1.1    1.1    1.1    1.1    1.1    1.1    1.1    1.1    1.1    1.1    1.1    1.1    1.1    1.1    1.1    1.1    1.1    1.1    1.1    1.1    1.1    1.1    1.1    1.1    1.1    1.1    1.1    1.1    1.1    1.1    1.1    1.1    1.1    1.1    1.1    1.1    1.1    1.1    1.1    1.1    1.1    1.1    1.1    1.1    1.1    1.1    1.1    1.1    1.1    1.1    1.1    1.1    1.1    1.1    1.1 
   1.1    1.1    1.1    1.1    1.1    1.1    1.1    1.1    1.1    1.1    1.1    1.1    1.1    1.1    1.1    1.1    1.1    1.1    1.1    1.1    1.1    1.1    1.1    1.1    1.1    1.1    1.1    1.1    1.1    1.1    1.1    1.1    1.1    1.1    1.1    1.1    1.1    1.1    1.1    1.1    1.1    1.1    1.1    1.1    1.1    1.1    1.1    1.1    1.1    1.1    1.1    1.1    1.1    1.1    1.1    1.1    1.1    1.1    1.1    1.1    1.1    1.1    1.1    1.1    1.1    1.1    1.1    1.1    1.1    1.1    1.1    1.1    1.1    1.1    1.1    1.1    1.1    1.1    1.1    1.1    1.1 
   1.1    1.1    1.1    1.1    1.1    1.1    1.1    1.1    1.1    1.1    1.1    1.1    1.1    1.1    1.1    1.1    1.1    1.1    1.1    1.1    1.1    1.1    1.1    1.1    1.1    1.1    1.1    1.1    1.1    1.1    1.1    1.1    1.1    1.1    1.1    1.1    1.1    1.1    1.1    1.1    1.1    1.1    1.1    1.1    1.1    1.1    1.1    1.1    1.1    1.1    1.1    1.1    1.1    1.1    1.1    1.1    1.1    1.1    1.1    1.1    1.1    1.1    1.1    1.1    1.1    1.1    1.1    1.1    1.1    1.1    1.1    1.1    1.1    1.1    1.1    1.1    1.1    1.1    1.1    1.1    1.1 
   1.1    1.1    1.1    1.1    1.1    1.1    1.1    1.1    1.1    1.1    1.1    1.1    1.1    1.1    1.1    1.1    1.1    1.1    1.1    1.1    1.1    1.1    1.1    1.1    1.1    1.1    1.1    1.1    1.1    1.1    1.1    1.1    1.1    1.1    1.1    1.1    1.1    1.1    1.1    1.1    1.1    1.1    1.1    1.1    1.1    1.1    1.1    1.1    1.1    1.1    1.1    1.1    1.1    1.1    1.1    1.1    1.1    1.1    1.1    1.1    1.1    1.1    1.1    1.1    1.1    1.1    1.1    1.1    1.1    1.1    1.1    1.1    1.1    1.1    1.1    1.1    1.1    1.1    1.1    1.1    1.1 
   1.1    1.1    1.1    1.1    1.1    1.1    1.1    1.1    1.1    1.1    1.1    1.1    1.1    1.1    1.1    1.1    1.1    1.1    1.1    1.1    1.1    1.1    1.1    1.1    1.1    1.1    1.1    1.1    1.1    1.1    1.1    1.1    1.1    1.1    1.1    1.1    1.1    1.1    1.1    1.1    1.1    1.1    1.1    1.1    1.1    1.1    1.1    1.1    1.1    1.1    1.1    1.1    1.1    1.1    1.1    1.1    1.1    1.1    1.1    1.1    1.1    1.1    1.1    1.1    1.1    1.1    1.1    1.1    1.1    1.1    1.1    1.1    1.1    1.1    1.1    1.1    1.1    1.1    1.1    1.1    1.1 
   1.1    1.1    1.1    1.1    1.1    1.1    1.1    1.1    1.1    1.1    1.1    1.1    1.1    1.1    1.1    1.1    1.1    1.1    1.1    1.1    1.1    1.1    1.1    1.1    1.1    1.1    1.1    1.1    1.1    1.1    1.1    1.1    1.1    1.1    1.1    1.1    1.1    1.1    1.1    1.1    1.1    1.1    1.1    1.1    1.1    1.1    1.1    1.1    1.1    1.1    1.1    1.1    1.1    1.1    1.1    1.1    1.1    1.1    1.1    1.1    1.1    1.1    1.1    1.1    1.1    1.1    1.1    1.1    1.1    1.1    1.1    1.1    1.1    1.1    1.1    1.1    1.1    1.1    1.1    1.1    1.1 
   1.1    1.1    1.1    1.1    1.1    1.1    1.1    1.1    1.1    1.1    1.1    1.1    1.1    1.1    1.1    1.1    1.1    1.1    1.1    1.1    1.1    1.1    1.1    1.1    1.1    1.1    1.1    1.1    1.1    1.1    1.1    1.1    1.1    1.1    1.1    1.1    1.1    1.1    1.1    1.1    1.1    1.1    1.1    1.1    1.1    1.1    1.1    1.1    1.1    1.1    1.1    1.1    1.1    1.1    1.1    1.1    1.1    1.1    1.1    1.1    1.1    1.1    1.1    1.1    1.1    1.1    1.1    1.1    1.1    1.1    1.1    1.1    1.1    1.1    1.1    1.1    1.1    1.1    1.1    1.1    1.1 
   1.1    1.1    1.1    1.1    1.1    1.1    1.1    1.1    1.1    1.1    1.1    1.1    1.1    1.1    1.1    1.1    1.1    1.1    1.1    1.1    1.1    1.1    1.1    1.1    1.1    1.1    1.1    1.1    1.1    1.1    1.1    1.1    1.1    1.1    1.1    1.1    1.1    1.1    1.1    1.1    1.1    1.1    1.1    1.1    1.1    1.1    1.1    1.1    1.1    1.1    1.1    1.1    1.1    1.1    1.1    1.1    1.1    1.1    1.1    1.1    1.1    1.1    1.1    1.1    1.1    1.1    1.1    1.1    1.1    1.1    1.1    1.1    1.1    1.1    1.1    1.1    1.1    1.1    1.1    1.1    1.1 
   1.1    1.1    1.1    1.1    1.1    1.1    1.1    1.1    1.1    1.1    1.1    1.1    1.1    1.1    1.1    1.1    1.1    1.1    1.1    1.1    1.1    1.1    1.1    1.1    1.1    1.1    1.1    1.1    1.1    1.1    1.1    1.1    1.1    1.1    1.1    1.1    1.1    1.1    1.1    1.1    1.1    1.1    1.1    1.1    1.1    1.1    1.1    1.1    1.1    1.1    1.1    1.1    1.1    1.1    1.1    1.1    1.1    1.1    1.1    1.1    1.1    1.1    1.1    1.1    1.1    1.1    1.1    1.1    1.1    1.1    1.1    1.1    1.1    1.1    1.1    1.1    1.1    1.1    1.1    1.1    1.1 
   1.1    1.1    1.1    1.1    1.1    1.1    1.1    1.1    1.1    1.1    1.1    1.1    1.1    1.1    1.1    1.1    1.1    1.1    1.1    1.1    1.1    1.1    1.1    1.1    1.1    1.1    1.1    1.1    1.1    1.1    1.1    1.1    1.1    1.1    1.1    1.1    1.1    1.1    1.1    1.1    1.1    1.1    1.1    1.1    1.1    1.1    1.1    1.1    1.1    1.1    1.1    1.1    1.1    1.1    1.1    1.1    1.1    1.1    1.1    1.1    1.1    1.1    1.1    1.1    1.1    1.1    1.1    1.1    1.1    1.1    1.1    1.1    1.1    1.1    1.1    1.1    1.1    1.1    1.1    1.1    1.1 
   1.1    1.1    1.1    1.1    1.1    1.1    1.1    1.1    1.1    1.1    1.1    1.1    1.1    1.1    1.1    1.1    1.1    1.1    1.1    1.1    1.1    1.1    1.1    1.1    1.1    1.1    1.1    1.1    1.1    1.1    1.1    1.1    1.1    1.1    1.1    1.1    1.1    1.1    1.1    1.1    1.1    1.1    1.1    1.1    1.1    1.1    1.1    1.1    1.1    1.1    1.1    1.1    1.1    1.1    1.1    1.1    1.1    1.1    1.1    1.1    1.1    1.1    1.1    1.1    1.1    1.1    1.1    1.1    1.1    1.1    1.1    1.1    1.1    1.1    1.1    1.1    1.1    1.1    1.1    1.1    1.1 
   1.1    1.1    1.1    1.1    1.1    1.1    1.1    1.1    1.1    1.1    1.1    1.1    1.1    1.1    1.1    1.1    1.1    1.1    1.1    1.1    1.1    1.1    1.1    1.1    1.1    1.1    1.1    1.1    1.1    1.1    1.1    1.1    1.1    1.1    1.1    1.1    1.1    1.1    1.1    1.1    1.1    1.1    1.1    1.1    1.1    1.1    1.1    1.1    1.1    1.1    1.1    1.1    1.1    1.1    1.1    1.1    1.1    1.1    1.1    1.1    1.1    1.1    1.1    1.1    1.1    1.1    1.1    1.1    1.1    1.1    1.1    1.1    1.1    1.1    1.1    1.1    1.1    1.1    1.1    1.1    1.1 
   1.1    1.1    1.1    1.1    1.1    1.1    1.1    1.1    1.1    1.1    1.1    1.1    1.1    1.1    1.1    1.1    1.1    1.1    1.1    1.1    1.1    1.1    1.1    1.1    1.1    1.1    1.1    1.1    1.1    1.1    1.1    1.1    1.1    1.1    1.1    1.1    1.1    1.1    1.1    1.1    1.1    1.1    1.1    1.1    1.1    1.1    1.1    1.1    1.1    1.1    1.1    1.1    1.1    1.1    1.1    1.1    1.1    1.1    1.1    1.1    1.1    1.1    1.1    1.1    1.1    1.1    1.1    1.1    1.1    1.1    1.1    1.1    1.1    1.1    1.1    1.1    1.1    1.1    1.1    1.1    1.1 
   1.1    1.1    1.1    1.1    1.1    1.1    1.1    1.1    1.1    1.1    1.1    1.1    1.1    1.1    1.1    1.1    1.1    1.1    1.1    1.1    1.1    1.1    1.1    1.1    1.1    1.1    1.1    1.1    1.1    1.1    1.1    1.1    1.1    1.1    1.1    1.1    1.1    1.1    1.1    1.1    1.1    1.1    1.1    1.1    1.1    1.1    1.1    1.1    1.1    1.1    1.1    1.1    1.1    1.1    1.1    1.1    1.1    1.1    1.1    1.1    1.1    1.1    1.1    1.1    1.1    1.1    1.1    1.1    1.1    1.1    1.1    1.1    1.1    1.1    1.1    1.1    1.1    1.1    1.1    1.1    1.1 
   1.1    1.1    1.1    1.1    1.1    1.1    1.1    1.1    1.1    1.1    1.1    1.1    1.1    1.1    1.1    1.1    1.1    1.1    1.1    1.1    1.1    1.1    1.1    1.1    1.1    1.1    1.1    1.1    1.1    1.1    1.1    1.1    1.1    1.1    1.1    1.1    1.1    1.1    1.1    1.1    1.1    1.1    1.1    1.1    1.1    1.1    1.1    1.1    1.1    1.1    1.1    1.1    1.1    1.1    1.1    1.1    1.1    1.1    1.1    1.1    1.1    1.1    1.1    1.1    1.1    1.1    1.1    1.1    1.1    1.1    1.1    1.1    1.1    1.1    1.1    1.1    1.1    1.1    1.1    1.1    1.1 
   1.1    1.1    1.1    1.1    1.1    1.1    1.1    1.1    1.1    1.1    1.1    1.1    1.1    1.1    1.1    1.1    1.1    1.1    1.1    1.1    1.1    1.1    1.1    1.1    1.1    1.1    1.1    1.1    1.1    1.1    1.1    1.1    1.1    1.1    1.1    1.1    1.1    1.1    1.1    1.1    1.1    1.1    1.1    1.1    1.1    1.1    1.1    1.1    1.1    1.1    1.1    1.1    1.1    1.1    1.1    1.1    1.1    1.1    1.1    1.1    1.1    1.1    1.1    1.1    1.1    1.1    1.1    1.1    1.1    1.1    1.1    1.1    1.1    1.1    1.1    1.1    1.1    1.1    1.1    1.1    1.1 
   1.1    1.1    1.1    1.1    1.1    1.1    1.1    1.1    1.1    1.1    1.1    1.1    1.1    1.1    1.1    1.1    1.1    1.1    1.1    1.1    1.1    1.1    1.1    1.1    1.1    1.1    1.1    1.1    1.1    1.1    1.1    1.1    1.1    1.1    1.1    1.1    1.1    1.1    1.1    1.1    1.1    1.1    1.1    1.1    1.1    1.1    1.1    1.1    1.1    1.1    1.1    1.1    1.1    1.1    1.1    1.1    1.1    1.1    1.1    1.1    1.1    1.1    1.1    1.1    1.1    1.1    1.1    1.1    1.1    1.1    1.1    1.1    1.1    1.1    1.1    1.1    1.1    1.1    1.1    1.1    1.1 
   1.1    1.1    1.1    1.1    1.1    1.1    1.1    1.1    1.1    1.1    1.1    1.1    1.1    1.1    1.1    1.1    1.1    1.1    1.1    1.1    1.1    1.1    1.1    1.1    1.1    1.1    1.1    1.1    1.1    1.1    1.1    1.1    1.1    1.1    1.1    1.1    1.1    1.1    1.1    1.1    1.1    1.1    1.1    1.1    1.1    1.1    1.1    1.1    1.1    1.1    1.1    1.1    1.1    1.1    1.1    1.1    1.1    1.1    1.1    1.1    1.1    1.1    1.1    1.1    1.1    1.1    1.1    1.1    1.1    1.1    1.1    1.1    1.1    1.1    1.1    1.1    1.1    1.1    1.1    1.1    1.1 
   1.1    1.1    1.1    1.1    1.1    1.1    1.1    1.1    1.1    1.1    1.1    1.1    1.1    1.1    1.1    1.1    1.1    1.1    1.1    1.1    1.1    1.1    1.1    1.1    1.1    1.1    1.1    1.1    1.1    1.1    1.1    1.1    1.1    1.1    1.1    1.1    1.1    1.1    1.1    1.1    1.1    1.1    1.1    1.1    1.1    1.1    1.1    1.1    1.1    1.1    1.1    1.1    1.1    1.1    1.1    1.1    1.1    1.1    1.1    1.1    1.1    1.1    1.1    1.1    1.1    1.1    1.1    1.1    1.1    1.1    1.1    1.1    1.1    1.1    1.1    1.1    1.1    1.1    1.1    1.1    1.1 
   1.1    1.1    1.1    1.1    1.1    1.1    1.1    1.1    1.1    1.1    1.1    1.1    1.1    1.1    1.1    1.1    1.1    1.1    1.1    1.1    1.1    1.1    1.1    1.1    1.1    1.1    1.1    1.1    1.1    1.1    1.1    1.1    1.1    1.1    1.1    1.1    1.1    1.1    1.1    1.1    1.1    1.1    1.1    1.1    1.1    1.1    1.1    1.1    1.1    1.1    1.1    1.1    1.1    1.1    1.1    1.1    1.1    1.1    1.1    1.1    1.1    1.1    1.1    1.1    1.1    1.1    1.1    1.1    1.1    1.1    1.1    1.1    1.1    1.1    1.1    1.1    1.1    1.1    1.1    1.1    1.1 
   1.1    1.1    1.1    1.1    1.1    1.1    1.1    1.1    1.1    1.1    1.1    1.1    1.1    1.1    1.1    1.1    1.1    1.1    1.1    1.1    1.1    1.1    1.1    1.1    1.1    1.1    1.1    1.1    1.1    1.1    1.1    1.1    1.1    1.1    1.1    1.1    1.1    1.1    1.1    1.1    1.1    1.1    1.1    1.1    1.1    1.1    1.1    1.1    1.1    1.1    1.1    1.1    1.1    1.1    1.1    1.1    1.1    1.1    1.1    1.1    1.1    1.1    1.1    1.1    1.1    1.1    1.1    1.1    1.1    1.1    1.1    1.1    1.1    1.1    1.1    1.1    1.1    1.1    1.1    1.1    1.1 
-1                                                 NUZF1 FOR STRESS PERIOD 2
