Layer 1
 1.00e-01  1.00e-01  1.00e-01  1.00e-01  1.00e-01  1.00e-01  1.00e-01  1.00e-01  1.00e-01  1.00e-01  1.00e-01  1.00e-01  1.00e-01  1.00e-01
 1.00e-01  1.00e-01  1.00e-01  1.00e-01  1.00e-01  1.00e-01  1.00e-01  1.00e-01  1.00e-01  1.00e-01  1.00e-01  1.00e-01  1.00e-01  1.00e-01
 1.00e-01  1.00e-01  1.00e-01  1.00e-01  1.00e-01  1.00e-01  1.00e-01  1.00e-01  1.00e-01  1.00e-01  1.00e-01  1.00e-01  1.00e-01  1.00e-01
 1.00e-01  1.00e-01  1.00e-01  1.00e-01  1.00e-01  1.00e-01  1.00e-01  1.00e-01  1.00e-01  1.00e-01  1.00e-01  1.00e-01  1.00e-01  1.00e-01
 1.00e-01  1.00e-01  1.00e-01  1.00e-01  1.00e-01  1.00e-01  1.00e-01  1.00e-01  1.00e-01  1.00e-01  1.00e-01  1.00e-01  1.00e-01  1.00e-01
 1.00e-01  1.00e-01  1.00e-01  1.00e-01  1.00e-01  1.00e-01  1.00e-01  1.00e-01  1.00e-01  1.00e-01  1.00e-01  1.00e-01  1.00e-01  1.00e-01
 1.00e-01  1.00e-01  1.00e-01  1.00e-01  1.00e-01  1.00e-01  1.00e-01  1.00e-01  1.00e-01  1.00e-01  1.00e-01  1.00e-01  1.00e-01  1.00e-01
 1.00e-01  1.00e-01  1.00e-01  1.00e-01  1.00e-01  1.00e-01  1.00e-01  1.00e-01  1.00e-01  1.00e-01  1.00e-01  1.00e-01  1.00e-01  1.00e-01
 1.00e-01  1.00e-01  1.00e-01  1.00e-01  1.00e-01  1.00e-01  1.00e-01  1.00e-01  1.00e-01  1.00e-01  1.00e-01  1.00e-01  1.00e-01  1.00e-01
 1.00e-01  1.00e-01  1.00e-01  1.00e-01  1.00e-01  1.00e-01  1.00e-01  1.00e-01  1.00e-01  1.00e-01  1.00e-01  1.00e-01  1.00e-01  1.00e-01
 1.00e-01  1.00e-01  1.00e-01  1.00e-01  1.00e-01  1.00e-01  1.00e-01  1.00e-01  1.00e-01  1.00e-01  1.00e-01  1.00e-01  1.00e-01  1.00e-01
 1.00e-01  1.00e-01  1.00e-01  1.00e-01  1.00e-01  1.00e-01  1.00e-01  1.00e-01  1.00e-01  1.00e-01  1.00e-01  1.00e-01  1.00e-01  1.00e-01
 1.00e-01  1.00e-01  1.00e-01  1.00e-01  1.00e-01  1.00e-01  1.00e-01  1.00e-01  1.00e-01  1.00e-01  1.00e-01  1.00e-01  1.00e-01  1.00e-01
 1.00e-01  1.00e-01  1.00e-01  1.00e-01  1.00e-01  1.00e-01  1.00e-01  1.00e-01  1.00e-01  1.00e-01  1.00e-01  1.00e-01  1.00e-01  1.00e-01
 1.00e-01  1.00e-01  1.00e-01  1.00e-01  1.00e-01  1.00e-01  1.00e-01  1.00e-01  1.00e-01  1.00e-01  1.00e-01  1.00e-01  1.00e-01  1.00e-01
 1.00e-01  1.00e-01  1.00e-01  1.00e-01  1.00e-01  1.00e-01  1.00e-01  1.00e-01  1.00e-01  1.00e-01  1.00e-01  1.00e-01  1.00e-01  1.00e-01
 1.00e-01  1.00e-01  1.00e-01  1.00e-01  1.00e-01  1.00e-01  1.00e-01  1.00e-01  1.00e-01  1.00e-01  1.00e-01  1.00e-01  1.00e-01  1.00e-01
 1.00e-01  1.00e-01  1.00e-01  1.00e-01  1.00e-01  1.00e-01  1.00e-01  1.00e-01  1.00e-01  1.00e-01  1.00e-01  1.00e-01  1.00e-01  1.00e-01
 1.00e-01  1.00e-01  1.00e-01  1.00e-01  1.00e-01  1.00e-01  1.00e-01  1.00e-01  1.00e-01  1.00e-01  1.00e-01  1.00e-01  1.00e-01  1.00e-01
 1.00e-01  1.00e-01  1.00e-01  1.00e-01  1.00e-01  1.00e-01  1.00e-01  1.00e-01  1.00e-01  1.00e-01  1.00e-01  1.00e-01  1.00e-01  1.00e-01
 1.00e-01  1.00e-01  1.00e-01  1.00e-01  1.00e-01  1.00e-01  1.00e-01  1.00e-01  1.00e-01  1.00e-01  1.00e-01  1.00e-01  1.00e-01  1.00e-01
 1.00e-01  1.00e-01  1.00e-01  1.00e-01  1.00e-01  1.00e-01  1.00e-01  1.00e-01  1.00e-01  1.00e-01  1.00e-01  1.00e-01  1.00e-01  1.00e-01
 1.00e-01  1.00e-01  1.00e-01  1.00e-01  1.00e-01  1.00e-01  1.00e-01  1.00e-01  1.00e-01  1.00e-01  1.00e-01  1.00e-01  1.00e-01  1.00e-01
 1.00e-01  1.00e-01  1.00e-01  1.00e-01  1.00e-01  1.00e-01  1.00e-01  1.00e-01  1.00e-01  1.00e-01  1.00e-01  1.00e-01  1.00e-01  1.00e-01
 1.00e-01  1.00e-01  1.00e-01  1.00e-01  1.00e-01  1.00e-01  1.00e-01  1.00e-01  1.00e-01  1.00e-01  1.00e-01  1.00e-01  1.00e-01  1.00e-01
Layer 2
 1.00e-01  1.00e-01  1.00e-01  1.00e-01  1.00e-01  1.00e-01  1.00e-01  1.00e-01  1.00e-01  1.00e-01  1.00e-01  1.00e-01  1.00e-01  1.00e-01
 1.00e-01  1.00e-01  1.00e-01  1.00e-01  1.00e-01  1.00e-01  1.00e-01  1.00e-01  1.00e-01  1.00e-01  1.00e-01  1.00e-01  1.00e-01  1.00e-01
 1.00e-01  1.00e-01  1.00e-01  1.00e-01  1.00e-01  1.00e-01  1.00e-01  1.00e-01  1.00e-01  1.00e-01  1.00e-01  1.00e-01  1.00e-01  1.00e-01
 1.00e-01  1.00e-01  1.00e-01  1.00e-01  1.00e-01  1.00e-01  1.00e-01  1.00e-01  1.00e-01  1.00e-01  1.00e-01  1.00e-01  1.00e-01  1.00e-01
 1.00e-01  1.00e-01  1.00e-01  1.00e-01  1.00e-01  1.00e-01  1.00e-01  1.00e-01  1.00e-01  1.00e-01  1.00e-01  1.00e-01  1.00e-01  1.00e-01
 1.00e-01  1.00e-01  1.00e-01  1.00e-01  1.00e-01  1.00e-01  1.00e-01  1.00e-01  1.00e-01  1.00e-01  1.00e-01  1.00e-01  1.00e-01  1.00e-01
 1.00e-01  1.00e-01  1.00e-01  1.00e-01  1.00e-01  1.00e-01  1.00e-01  1.00e-01  1.00e-01  1.00e-01  1.00e-01  1.00e-01  1.00e-01  1.00e-01
 1.00e-01  1.00e-01  1.00e-01  1.00e-01  1.00e-01  1.00e-01  1.00e-01  1.00e-01  1.00e-01  1.00e-01  1.00e-01  1.00e-01  1.00e-01  1.00e-01
 1.00e-01  1.00e-01  1.00e-01  1.00e-01  1.00e-01  1.00e-01  1.00e-01  1.00e-01  1.00e-01  1.00e-01  1.00e-01  1.00e-01  1.00e-01  1.00e-01
 1.00e-01  1.00e-01  1.00e-01  1.00e-01  1.00e-01  1.00e-01  1.00e-01  1.00e-01  1.00e-01  1.00e-01  1.00e-01  1.00e-01  1.00e-01  1.00e-01
 1.00e-01  1.00e-01  1.00e-01  1.00e-01  1.00e-01  1.00e-01  1.00e-01  1.00e-01  1.00e-01  1.00e-01  1.00e-01  1.00e-01  1.00e-01  1.00e-01
 1.00e-01  1.00e-01  1.00e-01  1.00e-01  1.00e-01  1.00e-01  1.00e-01  1.00e-01  1.00e-01  1.00e-01  1.00e-01  1.00e-01  1.00e-01  1.00e-01
 1.00e-01  1.00e-01  1.00e-01  1.00e-01  1.00e-01  1.00e-01  1.00e-01  1.00e-01  1.00e-01  1.00e-01  1.00e-01  1.00e-01  1.00e-01  1.00e-01
 1.00e-01  1.00e-01  1.00e-01  1.00e-01  1.00e-01  1.00e-01  1.00e-01  1.00e-01  1.00e-01  1.00e-01  1.00e-01  1.00e-01  1.00e-01  1.00e-01
 1.00e-01  1.00e-01  1.00e-01  1.00e-01  1.00e-01  1.00e-01  1.00e-01  1.00e-01  1.00e-01  1.00e-01  1.00e-01  1.00e-01  1.00e-01  1.00e-01
 1.00e-01  1.00e-01  1.00e-01  1.00e-01  1.00e-01  1.00e-01  1.00e-01  1.00e-01  1.00e-01  1.00e-01  1.00e-01  1.00e-01  1.00e-01  1.00e-01
 1.00e-01  1.00e-01  1.00e-01  1.00e-01  1.00e-01  1.00e-01  1.00e-01  1.00e-01  1.00e-01  1.00e-01  1.00e-01  1.00e-01  1.00e-01  1.00e-01
 1.00e-01  1.00e-01  1.00e-01  1.00e-01  1.00e-01  1.00e-01  1.00e-01  1.00e-01  1.00e-01  1.00e-01  1.00e-01  1.00e-01  1.00e-01  1.00e-01
 1.00e-01  1.00e-01  1.00e-01  1.00e-01  1.00e-01  1.00e-01  1.00e-01  1.00e-01  1.00e-01  1.00e-01  1.00e-01  1.00e-01  1.00e-01  1.00e-01
 1.00e-01  1.00e-01  1.00e-01  1.00e-01  1.00e-01  1.00e-01  1.00e-01  1.00e-01  1.00e-01  1.00e-01  1.00e-01  1.00e-01  1.00e-01  1.00e-01
 1.00e-01  1.00e-01  1.00e-01  1.00e-01  1.00e-01  1.00e-01  1.00e-01  1.00e-01  1.00e-01  1.00e-01  1.00e-01  1.00e-01  1.00e-01  1.00e-01
 1.00e-01  1.00e-01  1.00e-01  1.00e-01  1.00e-01  1.00e-01  1.00e-01  1.00e-01  1.00e-01  1.00e-01  1.00e-01  1.00e-01  1.00e-01  1.00e-01
 1.00e-01  1.00e-01  1.00e-01  1.00e-01  1.00e-01  1.00e-01  1.00e-01  1.00e-01  1.00e-01  1.00e-01  1.00e-01  1.00e-01  1.00e-01  1.00e-01
 1.00e-01  1.00e-01  1.00e-01  1.00e-01  1.00e-01  1.00e-01  1.00e-01  1.00e-01  1.00e-01  1.00e-01  1.00e-01  1.00e-01  1.00e-01  1.00e-01
 1.00e-01  1.00e-01  1.00e-01  1.00e-01  1.00e-01  1.00e-01  1.00e-01  1.00e-01  1.00e-01  1.00e-01  1.00e-01  1.00e-01  1.00e-01  1.00e-01

